8908
1270
406
767
7587
4075
4531
858
459
3156
2047
778
6127
2506
322
8435
6511
5395
8192
3528
5157
1284
5428
1506
7173
3533
4233
4089
7062
1954
9526
6911
3335
8395
2756
1308
208
2273
4605
3140
9670
4936
7362
4021
5082
972
9832
5805
111
644
1729
440
5111
628
1763
9254
7433
5358
5223
2667
3280
5144
736
2304
3875
4073
8533
4728
2076
1436
5565
9725
4888
7159
4230
6424
3210
982
546
1279
1484
4848
6239
520
2147
7179
2545
6300
2237
5868
6446
1511
3706
6102
4550
2860
292
6740
6717
6966
9469
4194
6391
232
2660
2804
4319
5702
4931
8410
4179
6685
4871
6796
1151
7453
2845
5567
4676
8423
4886
1850
3173
3121
8695
578
4254
3542
527
7104
6866
6698
6789
9125
1311
3035
9054
948
1952
6628
2792
1533
4239
9435
8118
4346
7557
8474
7801
8050
7775
75
8567
9420
2766
6348
458
7789
2252
7729
6264
1650
3686
5673
8010
7465
9306
4521
1323
5514
8862
8917
1679
4499
6890
8205
7232
8180
6948
1979
6458
5286
2987
7572
8726
702
5132
2121
4286
4754
2931
8545
1821
8861
1558
1454
3972
7739
5950
5978
8749
3214
5402
544
7689
55
2463
9025
7265
6606
6614
6617
4958
653
402
3405
8249
9078
8182
1032
2309
8639
6336
5302
1693
5510
8678
248
9798
5334
4091
3736
5360
9826
5614
423
350
4718
688
4818
3967
4941
6000
4275
6057
7796
7524
2020
7282
270
1046
7694
9626
9225
2297
959
5224
9549
2102
7898
9583
4621
4343
8665
380
9206
7696
3293
1391
612
1989
1846
132
7444
6891
8110
5965
9364
79
3439
7709
3815
9773
3813
2180
2628
9615
2366
242
1230
3218
3198
4778
7711
2902
2287
3077
589
6130
9503
7086
7937
2993
6978
1816
909
6108
8909
7217
5126
1363
2848
8277
6783
7041
9415
2326
9830
8630
9232
7438
3070
2408
7787
6608
8347
9249
3406
1564
633
118
1746
3505
7752
6887
6301
3964
5912
1618
4076
1743
6302
2786
1181
5024
8389
3783
8738
7123
1974
8992
5198
9547
1751
3412
5578
7280
5804
3910
8936
9664
828
2271
2623
5469
7754
1269
2257
6548
3169
6706
1962
3042
9593
9475
3908
2663
6376
2844
6297
7683
5560
6137
7206
1292
9616
9903
8023
9938
2098
3072
3973
650
1905
1325
8282
3558
4285
9399
4253
2341
7325
1726
9678
8167
1223
3402
2063
7785
2046
3960
3580
6463
9705
3849
5967
9852
2965
887
8778
5926
382
547
4950
470
6176
6715
5894
9194
1925
1214
4459
1605
9751
9039
5859
3852
3351
7092
3776
5710
2065
2564
2830
1806
9693
2488
7918
7134
3836
730
5139
1686
41
4350
5994
9913
770
1220
4307
8185
7464
9918
1345
4576
1884
204
109
393
7920
8011
9030
9020
2423
1674
8962
6932
7995
5794
5455
5181
3986
4035
2678
444
4657
6261
188
4080
9862
721
6426
9376
517
4118
3370
2785
6960
524
9600
7023
5803
2499
4349
5491
1659
4821
8081
974
5728
8531
9619
1914
7731
1798
439
4389
9322
5793
1858
5820
5770
8351
3225
2019
8515
3083
854
9567
3226
9196
7020
3200
5316
7706
4242
7343
6641
2203
4287
3113
6465
8679
9283
8578
3183
7954
5324
8032
3946
1501
6886
4432
3390
4701
8009
6419
4465
504
9644
2120
2062
515
3510
1350
3174
5930
9525
4708
2708
6888
4716
5696
6146
5153
904
1317
5487
5200
1314
6872
7099
1156
5128
8278
8214
5936
1415
6289
954
6347
3577
1932
6041
6407
2944
9921
4922
926
3523
7977
4200
761
8623
1571
1777
1616
2880
1920
91
375
5823
5943
2077
8183
2232
8763
1038
7740
5156
2060
8279
3144
8329
1499
3186
1103
4959
1452
3320
6162
4791
3779
240
7845
7786
139
3524
2532
9247
2356
9562
523
4909
103
9931
6112
9035
1917
3462
1489
355
5832
9666
8014
4060
359
6441
5201
4954
3275
4421
6708
8958
4698
1416
4875
9950
8398
9413
5571
1075
1701
4724
10
9908
1395
6635
3805
6585
7143
5317
5439
3452
1432
5729
3664
6874
5819
6004
3628
8380
356
9473
9594
9685
7354
7112
2631
7447
4110
6058
1463
5162
7583
7457
6666
8018
5503
620
383
8233
1760
5068
371
4078
5799
8782
2407
6436
1398
9204
5289
9690
6530
4893
8065
3574
4399
8448
9305
8781
4199
1957
4781
9585
9945
6400
424
9608
7310
2235
8974
9557
7479
734
7413
5235
6430
1546
8392
5757
6191
9825
2841
257
4503
7304
8716
7935
5185
1273
7716
7848
4539
2816
5630
4390
8780
9739
4061
8120
6661
8046
8210
9866
851
9076
3224
4163
1536
7434
8888
5826
6432
6818
8158
5079
2083
2462
7292
6543
8305
2768
9647
8523
265
9235
7032
6858
744
2006
1584
2815
5797
7926
843
5454
9258
4668
4058
7268
9324
7755
1472
6331
3400
8923
9217
1397
8593
4939
7629
2149
8072
96
6811
5226
2516
3645
2706
4470
9109
4628
7540
5197
3764
4221
3570
4003
12
1865
4509
5669
6252
1449
7091
9175
2446
4607
5306
334
9198
3832
5359
6762
8765
3298
1204
8818
2256
3099
5736
5044
117
4512
6269
8921
7364
792
3726
6531
6381
1638
6514
5330
5542
8939
8842
1187
7911
2782
3926
2646
7090
7211
4292
7950
3342
4535
4246
5682
2655
2834
3423
7632
9507
8821
9770
3601
3030
4344
1428
8876
2642
3331
2353
2645
1796
4311
9651
3130
26
1620
8221
6095
6392
2589
9122
5416
4151
3795
7576
2476
631
2289
419
8971
9872
3909
7846
938
5656
2152
2260
9083
2924
1967
7289
6513
1601
3282
3709
9894
2596
1482
8880
8751
6772
6622
8742
306
8720
3459
4476
9100
5701
1451
3942
1645
7565
6903
2879
6495
7523
1163
5199
741
2714
7054
6691
9812
2615
151
7906
99
3279
2672
5033
19
7568
6437
236
2324
7075
5092
4339
1657
7387
307
4812
3768
3827
5160
4137
4865
9564
7360
9385
9706
8337
6850
1221
7129
720
6854
3522
8606
2074
5217
1969
5017
5537
1491
3055
7854
4737
6736
9060
3345
3158
3421
7978
4059
2456
7119
1255
1592
2875
4556
8159
1500
8415
1782
8371
5652
4575
8745
6194
2676
2432
4130
5570
571
5800
8900
4581
1012
1218
4314
8516
6939
6482
965
2540
3503
4015
4996
2992
5066
6208
4717
5419
4365
5777
5848
9887
6047
5203
1318
1043
5602
1059
733
7177
3195
8907
1886
4930
2784
4529
1497
1271
7827
7938
1174
6806
6128
1538
2896
6479
3701
1856
8248
2694
7538
7224
4228
6337
3807
516
2179
6489
6980
7051
8658
6036
5167
1732
78
6499
6793
1080
2403
5992
9591
4001
4815
608
1076
8750
415
8868
2553
1366
1209
8828
7221
8884
6259
8264
1923
2611
5707
9902
9622
9849
1479
3
5236
1444
9698
6922
1901
8837
5711
485
9329
7669
6833
8601
8575
9116
3684
7679
2664
5154
5342
8810
6303
2748
3466
6361
6660
9719
2755
1519
7439
5383
3591
9066
6166
6576
2000
4639
2949
7618
9492
4453
2339
5344
354
2742
9280
5367
4189
9087
5394
3814
9867
5473
8387
2551
8945
4216
2764
6995
5633
2594
2415
304
2119
3671
9299
8074
3597
2688
8230
3480
1908
447
5512
366
2946
4836
8583
8439
1579
7882
7443
3378
4987
5787
7250
8434
7984
5667
1871
2703
3714
6673
8240
921
755
3869
5608
4067
6625
1555
65
3677
4507
5752
6777
9132
6105
3089
2840
2192
6927
8584
3417
8705
1983
5879
3105
8374
2306
3907
5530
5593
3465
9951
1306
986
337
8400
1191
9546
6757
3708
3023
935
7930
9409
5138
1248
8285
7743
4068
1953
1067
6413
2470
973
5806
3376
8256
4589
5190
8070
9930
4276
2422
1364
3956
1725
8660
9580
4323
1196
9707
2568
8931
3789
5482
5036
4193
7966
352
7401
6179
8852
967
682
3728
9200
2481
5678
5600
3303
3581
1295
5599
6427
9098
8920
8324
9517
7808
1574
9671
2960
6414
7175
2889
6645
3419
5150
8662
1860
2330
7291
8059
7452
3081
30
7327
2040
1573
5640
6277
6792
607
9193
6145
2582
6924
5886
9828
9925
970
4348
9001
1639
3624
1035
5385
7718
964
1540
3182
1724
3758
6704
6973
5553
4298
2673
3979
7528
992
1861
1162
4851
4422
7477
38
930
5077
7727
2734
638
1844
2454
5037
9519
9779
3824
8121
7633
3071
899
3983
4685
3319
2137
3618
5821
8217
6278
592
124
8748
4660
7573
3820
8481
5010
8867
9070
9578
2103
4798
9980
5171
7855
5404
8947
2049
8071
827
7791
5557
3790
5958
4508
5015
4185
6938
3920
1613
7188
5790
7614
7886
9863
6583
872
4425
7290
8576
8447
6974
2428
9742
4928
4981
9294
5986
2066
1258
2961
8568
6578
4796
9509
2230
3509
9326
5871
8988
9542
2081
8963
1902
4934
165
8384
8139
5585
897
7195
9898
9536
8170
7149
2895
7258
7436
991
8558
7707
6527
2695
7156
1287
824
3502
8040
4697
8753
7578
7894
8321
6204
8459
8725
9423
7071
8064
6915
1960
978
1690
5643
5406
553
7588
7286
3067
4637
6111
9416
2557
3185
842
9629
94
6826
4674
446
1885
1040
1198
9209
2431
1069
141
43
3484
358
708
7357
2364
9814
9091
9952
349
5775
9380
5110
3123
2439
1133
9559
4924
1642
3474
9372
5441
3251
250
364
1072
4072
8541
2044
6605
2317
1549
9529
6370
8456
3918
6049
5158
5563
7386
9310
5351
1987
7391
4694
1408
7416
2916
7082
5724
1078
8599
3281
3880
260
3271
9759
7388
9596
2619
6483
7238
5616
9445
1379
3735
9648
7370
6010
388
3283
2457
616
8532
7264
1599
1286
8647
9658
8890
7670
2648
4112
6774
5140
8946
2531
7960
3941
1008
1177
8431
3838
1208
3315
3044
231
7916
6447
3245
2753
8155
9432
3318
1730
6080
7641
5516
8841
7957
3092
4398
7366
9186
5900
7713
9356
7887
5556
5300
3970
3501
557
437
4840
7085
3663
4528
8208
8234
179
1843
3719
6731
7942
3653
3623
7174
639
6586
1768
4188
5737
2978
1747
6618
8795
8360
4022
7355
9472
3700
3651
5322
20
3416
4044
1354
6644
3627
4558
3267
2159
8671
1312
2563
822
5703
5908
143
7610
8979
8859
4227
9604
8797
4519
4202
6491
2368
2635
5191
1981
1014
2223
8743
6592
9457
6032
6765
8355
2477
3856
3892
5078
9377
2897
994
2027
6221
4847
2913
7356
4407
6140
8932
971
8590
9498
7561
1606
6808
8813
8994
4051
9654
1062
497
6949
7652
6141
4374
3058
8689
621
3066
9071
1021
4329
7730
7049
4251
4245
7903
3287
2936
6702
9868
4308
2933
2181
7302
3741
5952
9165
1834
6852
3379
1872
5202
8928
6104
6174
8349
7332
7411
2869
228
4583
5763
3730
87
8381
1477
1099
8303
3913
6684
3240
8412
9910
3164
5228
5065
1903
1456
5699
6003
7252
4435
2883
1722
2493
690
1127
2032
3013
3317
4979
2771
3777
7892
4092
3843
6574
9781
8756
6805
5577
5101
2686
5356
7089
3344
7153
7955
3974
6761
7849
4231
6868
2917
3995
9051
293
7011
9234
680
5732
4854
6760
6607
3822
211
2193
5501
3877
4162
431
1051
7007
8035
5725
8080
8111
1171
8235
5730
5583
2305
2443
1050
6655
8220
8077
3810
5941
9026
5827
50
9712
4464
9088
1646
2010
5995
473
7571
8407
5425
2535
3904
9162
5552
5815
2507
797
8993
9134
1910
1401
3049
1970
2022
2770
156
7720
9675
3363
7575
2866
5892
15
1037
1996
2064
9021
9047
3021
4057
8445
5120
9505
4729
6452
6099
8998
7407
7139
6024
5738
3373
6255
7996
9272
4397
2682
6132
6068
5984
1924
4923
5002
1239
1327
6844
3647
577
7243
3115
1841
6713
5546
1238
120
8990
4642
4104
5872
1635
5534
4183
6842
2647
8674
955
9022
7039
2824
8733
1028
4670
136
5091
4916
7625
5345
3823
875
3801
2342
5836
2131
2827
3148
7025
6510
6457
9676
5712
4837
2587
9697
7866
6748
4394
5335
6780
6093
5333
5237
4012
3934
975
4071
9988
2114
5168
7297
9597
3079
2005
1430
2577
1144
4592
9177
6431
1731
3763
1965
5638
3753
2901
7245
1945
9223
8079
2416
3052
6651
4416
3513
2092
8494
2963
9553
8857
7543
5051
8789
9202
1784
4935
4904
2440
4747
9112
8225
6609
4823
6526
8489
1434
5434
310
8688
551
3128
6646
5741
9203
1570
3211
9465
7155
1661
9989
6270
9884
795
9444
8372
8300
1083
2100
1780
6575
6895
8326
739
7503
5096
1698
381
623
7088
3704
9821
6295
9565
4502
7908
2775
6030
7802
4788
7621
3381
4405
510
1048
5415
2807
4806
8187
8638
1517
3215
9513
4856
313
6610
53
8043
4814
7248
7933
2109
8145
7722
428
664
3687
8559
8222
8433
1294
4290
3339
7167
1423
8391
506
438
6958
4689
5220
3392
6066
9946
9993
2254
2358
844
7449
6043
8522
1355
9924
7363
1654
7346
9570
5294
9015
6200
9422
286
3748
8843
6524
6122
6845
5097
4282
2884
7315
5755
3917
9405
8007
2508
4322
4222
4340
237
377
6518
4454
2199
6007
2007
5032
1866
9939
9851
9470
6018
2225
6597
7288
8377
3828
5866
7050
5230
3306
3334
9477
8284
2391
8729
596
7617
576
953
278
3982
8952
4033
2132
2716
184
3592
5115
1104
7322
294
3391
3992
4533
1253
92
3834
7798
5687
7389
1066
7715
316
5177
37
3436
8455
3014
6188
8798
9811
3873
613
4570
9869
2524
3033
1039
2023
2504
8146
5814
9579
134
8535
9618
1972
4587
5052
196
7005
3428
6246
6307
7376
8295
1465
2197
9689
410
5379
9144
7333
9290
1310
6005
4488
6220
8487
1328
3966
6972
2801
7574
6481
7783
2156
9248
357
7737
599
9994
4420
3844
7213
1931
2494
568
5232
5495
1504
4471
8507
6317
5554
8832
7100
5642
1319
7635
1588
5364
6935
1042
2160
8618
3767
4925
8611
2294
9135
24
4743
8473
8572
2018
8339
2308
1023
4834
1824
5677
5209
1092
2475
1005
3529
2178
9537
8956
5869
5844
9631
2977
4097
6801
6914
3889
9158
266
8814
7227
1662
1081
7274
5548
4141
5812
9403
121
471
2975
2484
4665
1467
1627
2539
3866
1738
2409
3119
5863
9389
5240
9244
312
5792
226
9167
812
64
8603
4845
5733
8882
5860
5948
1781
1619
3562
6832
2231
3935
6892
4544
9183
1107
8411
9855
4578
1180
5811
9164
2048
2590
8465
7359
4882
7337
6686
4484
6539
9481
3554
5517
2263
1149
2136
7324
6061
2055
6388
9747
6549
2898
2871
537
7496
4094
9632
427
2811
528
6039
732
4268
8811
8872
2035
5661
3757
1154
9033
6152
4678
6750
6954
5913
4317
1775
9447
4496
1321
3787
8505
6210
1868
6544
6813
789
4218
6323
4816
1944
6721
2560
4324
3527
1992
4949
8021
7850
5025
4117
4006
7693
4549
8734
4401
1637
2480
61
6981
4938
5196
1219
3447
4506
3943
9093
4437
696
6594
7546
3101
3277
2787
1827
5808
4740
5046
2130
1275
2609
9684
2388
4161
6898
2907
5858
1226
9716
602
717
8536
9877
7770
3786
4305
1309
2899
3525
7784
4125
3043
677
1735
8275
8293
5362
6384
1429
2473
9024
3882
8153
3871
7835
2200
3870
7226
5632
6779
731
2736
4206
676
318
468
9408
7815
6484
1897
66
763
4623
9882
8227
8887
1443
5403
3170
1831
3931
3584
5654
5131
937
327
1848
5125
4735
3566
9819
9004
2435
2726
3264
9082
2107
983
6288
8094
6956
5688
9639
1714
6262
2162
6711
2417
2436
7951
7152
1556
3590
8896
9402
7830
4241
7397
6231
2269
7558
6309
8772
7263
5447
1530
3696
3478
3587
6912
1892
3530
3422
6015
7747
3455
2397
6545
282
1299
9096
345
6409
9907
6358
6776
2930
6207
9466
8417
3848
6758
1166
9890
4919
1172
5795
8627
1146
6773
6184
8013
9301
7233
9961
3451
7296
9824
9379
5249
9210
8646
9153
5689
3924
7971
1024
6103
9366
595
8150
1128
9046
837
2661
3269
97
7344
6139
1636
8443
8236
5318
4538
3495
3494
5962
1194
3116
3091
8548
3765
4885
1087
4062
908
3609
8877
4877
9449
7620
6810
4920
8696
5774
7591
7870
9339
6180
4967
2671
6657
6390
536
4064
9744
5337
276
1689
4038
8953
5480
8162
6993
5173
4096
1700
5179
6859
8038
1384
9180
5442
9623
6839
7526
7347
9260
6327
502
7919
6349
6092
2167
1832
3903
9121
4767
601
8839
1167
6940
8353
3366
9915
615
7048
9870
8497
3766
1683
5940
2277
7502
7650
1079
2777
9142
5760
9790
9668
1158
4088
3945
8718
5561
8255
4644
1788
2749
9916
1288
3993
1951
7891
3661
9561
9528
6379
6027
4223
7609
2719
9782
6319
7671
5558
6091
7856
5719
5011
8641
4136
4727
7277
8715
7975
7959
2146
6380
7651
8757
9348
7511
2964
9314
1803
9720
3743
4263
5949
5486
2379
5006
2300
6791
4366
9182
84
6492
1521
3980
1609
4555
2088
7497
3453
5219
155
3825
8379
1888
988
74
8386
7166
7427
4596
4634
3016
3936
8823
9075
3722
8108
1624
9941
7666
2184
4901
1015
5114
6462
4438
7257
4395
1135
9486
3201
7634
5243
2839
4313
4952
1719
4585
1091
9743
5909
9374
5374
8682
9667
6017
4988
8308
4157
7812
3675
7486
3551
9239
6917
8343
4568
6743
8635
2729
6668
7864
4310
9243
5664
3093
6287
182
8631
7909
475
9968
2185
1185
3333
3640
3874
9149
4849
339
2808
5067
877
5748
7924
6519
5368
1251
4868
4757
2955
2011
6553
9932
684
2418
395
9767
7128
5392
6291
5278
5890
8114
9661
698
9823
4597
7107
4043
1016
2116
1250
5810
7341
3948
4213
4615
7724
5055
9524
4102
3799
2799
1377
5326
3337
1257
4900
2296
1829
2720
8620
1155
5881
5865
5662
6343
1678
5329
8366
7437
2336
1853
6504
4863
8991
4769
6163
7329
2359
4047
9735
2249
3845
9434
6964
9454
5410
4985
2881
5295
1235
2542
6144
7210
2115
5180
2882
1266
4387
6150
8730
8960
1136
2656
4557
391
8348
1552
831
3940
4159
2323
5957
218
7658
8498
3549
5021
5690
5102
579
4417
102
5135
3914
4610
5544
3644
9185
1877
611
2962
2054
4203
430
529
8835
4696
2763
7952
8299
9108
2108
7229
8123
9484
3538
5134
6856
1461
5550
7184
2362
3564
8135
4876
7897
8767
2929
2234
3896
1758
593
6290
6119
9040
9123
6509
5321
3167
1626
3800
9032
490
8480
7266
4100
9892
4115
8520
4197
2251
1184
6079
5837
219
2429
5586
6541
1281
3410
8669
4947
5644
3537
4023
4381
2795
4320
3273
3110
7907
9571
5353
3641
6535
7605
2370
4234
7010
3239
1545
7871
7513
5239
5541
5895
9762
3124
5750
2036
8140
6637
6554
7544
5251
7076
1776
6490
9754
6282
122
8950
9765
1800
44
509
5429
1371
5453
701
2888
6338
5408
7295
5816
7757
6187
4492
3323
1510
9381
8624
3404
6171
8739
9424
9875
1176
3204
6522
1413
7187
5371
6245
8237
8422
7109
5029
5105
9133
333
7597
6240
1122
9003
1082
8144
5946
5142
6306
4650
9692
2335
9769
2238
1168
227
2843
5076
4467
2810
255
821
7819
9094
916
7154
4032
229
1464
895
981
9065
3161
860
6626
4809
556
1130
7765
2937
3227
3595
5693
7536
9977
5248
5290
3111
4808
6990
2318
3867
6718
1631
3234
7931
1712
1682
6311
9152
7895
8169
4229
4864
2668
9587
3364
6941
9649
3738
22
8878
2228
1833
1205
4505
5646
7692
1369
9128
2369
5920
1704
2906
5380
9558
2887
3219
5533
3864
4469
3479
9683
8166
4986
6561
2096
8621
5829
8961
634
9396
400
4955
7165
1210
8754
7269
6556
9766
9737
8450
2878
3689
7230
6690
8519
3136
1492
3155
1407
413
1272
1964
5851
4940
2448
483
1941
2562
4086
9960
525
3496
7131
9269
474
5604
4619
5476
585
3255
1543
8579
5739
7668
6233
7638
8834
674
8802
9463
6157
1893
1632
7994
7593
1890
815
9508
4334
9696
8792
2190
4593
319
4468
5084
7351
7520
9189
7948
4760
4889
6087
3770
275
8449
4355
1140
3216
1591
8457
7307
9172
5650
9630
1849
7989
1358
378
6389
1568
7084
5
2761
4819
8625
7598
4912
6283
5340
7759
9000
4929
4215
4752
880
7191
3489
9346
1421
5107
1628
9807
4326
5954
2797
8836
4238
4537
3171
3253
5387
5686
8404
1338
7811
6741
3311
2286
3927
1442
1755
3752
8052
4220
9607
3499
8589
8968
5421
8250
3037
5532
3027
8442
8127
6428
7311
7470
1108
8822
2244
214
7612
7147
5233
2701
3657
1018
7192
3126
5635
6681
979
8927
3553
868
8470
9758
4489
8628
3506
7066
9906
3589
3702
8889
5378
8551
4799
9848
3157
7303
8330
6229
4411
7094
6417
7043
1909
4899
723
2099
4004
4204
4739
9806
1668
9944
4795
2626
1228
9959
1900
5093
4706
9179
7127
8634
9370
8771
9292
2385
6907
4784
4351
8582
2118
8058
4098
6916
2641
1466
5830
8714
297
6456
186
1420
2838
3059
5874
3438
8706
5784
5019
154
8854
5268
1904
2767
5448
1617
4369
2886
6467
4341
2093
9226
670
7480
3922
6341
472
1246
7983
8025
652
3859
8184
5151
2253
8396
9614
5528
8735
8891
6274
2776
5257
2520
839
95
7114
2685
5430
8270
6394
1891
9818
9295
4915
829
2345
3742
4577
2693
6687
7396
3441
2654
891
814
3446
6581
3634
9987
1063
8686
8179
7214
2533
7533
6293
940
6013
9221
3300
8893
8258
6433
6012
3792
582
3430
309
619
8924
5921
8626
9785
5298
8160
68
5310
6401
4105
1003
5137
7958
9230
9130
3638
5478
3950
2216
9912
9655
1033
7969
5449
9406
5761
8914
6926
7965
2732
6136
8785
9227
3305
9300
4479
4707
9219
9763
952
5489
7063
7267
3006
8033
7031
802
6999
6031
1542
4248
6540
5155
4974
7145
6050
8615
2534
4014
5104
8193
8440
7330
7601
9031
1876
9717
7345
888
6062
2666
6676
5152
4359
4461
2779
3086
2599
3241
6450
7972
8149
8281
7527
7717
1495
9540
4943
586
2718
3610
6267
2344
9357
6153
7728
1955
8332
6682
2739
3285
1838
8736
911
5888
8997
4069
492
7516
9285
6968
2536
6701
6764
2057
463
1278
9242
1410
8302
4472
1826
9943
3915
8804
6951
8629
4108
3426
5798
7171
3082
7207
3737
6090
6825
5526
1053
2976
8724
5918
9418
7667
9160
923
8864
9736
4881
1249
6460
866
6812
8581
709
640
8468
4135
6631
1370
1875
3122
6135
1241
8557
5090
4147
7429
4283
8906
5265
609
9321
5481
9595
5259
8177
2043
7883
4495
4517
8875
6279
2376
4026
6569
1096
2823
4554
794
540
8056
9287
5174
3723
8297
7383
4396
9187
2796
5809
5944
756
233
5857
5743
8476
3467
449
7061
1044
6957
8552
8319
4612
9159
3326
4699
2394
2743
9746
2041
6763
4385
6214
6268
4656
9732
4300
7522
1630
4942
1409
845
9138
8937
2941
1244
3932
3258
4895
3324
9740
6078
1289
2809
9431
6734
7237
324
2311
2894
7746
2652
4052
180
2198
7674
6020
8244
949
538
5982
9641
8117
2421
9613
8865
6340
3127
1362
3539
2555
4473
9601
7485
2329
8588
4691
6693
960
8390
8741
1691
7126
9761
7979
8286
457
209
8860
8668
7035
2828
5641
3307
8654
759
2677
3470
4640
1437
2091
1453
2597
9858
6800
9757
7535
3600
2514
998
7944
6767
8566
8983
7027
3314
6322
2859
1867
5990
9460
7203
552
2705
9312
3473
1054
7980
3614
6064
5087
81
5147
1864
9584
4786
8915
3572
7560
2874
1553
1665
993
5651
5621
3486
6084
57
9261
724
1837
5460
4582
3997
6900
3203
3692
740
5695
784
1541
697
715
4201
3194
1361
9702
8165
874
5054
560
8357
2947
7776
2546
600
9468
7009
2790
6097
777
5270
5963
9029
3073
1346
2644
4606
6590
3911
7857
4878
7239
8096
5692
5343
2209
4883
2625
7564
4822
4181
5919
3481
8539
8881
4982
5663
679
3199
1963
1367
9393
2854
5768
5231
4297
4434
5080
7058
4184
6223
7375
3885
9533
7172
5697
4532
2571
1060
2275
6600
775
6042
376
1615
5389
9572
4553
7774
7616
2780
2503
9621
272
2154
1417
2813
8555
2576
4838
7607
4824
7450
1802
5308
7412
4211
7915
781
2945
1392
6011
4543
6882
6714
4240
6863
9694
8090
4490
3858
7818
3811
6019
2148
1201
8272
5749
3291
2851
7158
1007
3304
3916
6992
1835
6572
8538
3615
1675
9494
6759
5244
425
9081
968
4498
4700
7487
901
191
1906
5184
6500
2075
7780
1374
9371
4384
3475
6563
1233
2357
7471
8119
6517
1490
3080
9955
2607
3809
2351
4291
4736
9176
4077
9663
632
4715
8317
7279
606
5325
9650
6363
3372
4617
7372
1435
3297
8886
5902
2175
3325
5109
4681
8528
7782
3559
7306
5058
943
2411
6476
9427
8693
1216
6672
9362
7137
3032
9731
1792
7459
3343
1852
2371
8359
5629
2981
172
9394
8109
3243
8188
4002
6987
6983
4087
3608
89
7559
2814
4527
9404
2934
9428
1186
8916
5113
5931
6326
2556
2909
8642
9518
3998
5927
9984
4284
4027
5189
5457
9453
4968
3999
9017
7842
5099
6055
4749
1623
7116
8362
8788
3951
8383
8307
8283
3120
2135
6034
5088
1810
5780
584
8604
3678
7398
9344
8142
1446
4973
2145
9278
4734
7008
4768
6009
9222
4609
8238
5896
6582
453
3535
4897
2991
1528
8271
1789
1761
9554
7469
6752
8441
976
2581
5856
3369
5718
6160
3490
2958
1959
2921
7462
7510
2386
4862
9055
5947
480
8113
6944
8030
128
1330
6318
5880
2067
7860
3816
2567
1587
4860
5595
2039
9378
1857
7584
148
6205
6728
6910
6961
5773
3625
1165
4663
9801
4312
1614
2414
1707
1030
2791
1394
5972
2696
6593
2290
3147
7236
4000
9117
9656
2328
174
5928
390
2279
2280
7336
3642
5655
3464
7157
5628
8048
1494
8016
719
5855
6667
1708
7779
2872
5218
7680
8987
238
1913
6196
8482
2266
403
569
3710
8051
351
1502
5370
6820
6351
6006
1359
7829
9045
9590
5527
168
7339
9089
6324
8902
2832
8747
6604
2037
5569
2133
5976
6230
8378
636
1274
2014
6822
6985
46
4264
3246
4128
2817
4997
2427
9016
2989
936
3061
4330
3012
4835
9985
4677
4391
1611
2319
8710
4853
5477
5572
7841
9383
2284
460
5094
3107
4511
1750
6737
4301
4455
9541
6883
110
7813
7140
7415
5849
6803
2856
5123
8809
4801
4093
9566
6899
8922
496
2509
9550
4236
241
1476
707
984
3855
6124
9710
833
8004
3302
8485
958
7545
9506
8656
11
9853
1791
6203
5242
6257
6696
67
3394
9343
4428
4106
3397
5968
114
6835
3773
7223
1728
2788
7004
6213
5373
694
6296
4024
5341
6848
832
4522
9359
6048
8648
8385
7956
7766
3633
9105
2293
3660
4759
1211
73
6877
7847
5280
5564
2242
3985
9181
8652
2922
9793
2042
1919
2512
4034
5520
8851
5355
7695
1498
7202
9137
9184
6365
1237
6074
2715
889
7498
467
3349
169
4352
4866
9289
6663
9027
4382
462
5166
9940
3830
6143
2593
3457
8323
420
7992
51
9038
4569
5216
4966
205
9634
3443
8034
6570
9733
234
5124
2528
3543
1426
1313
6824
6165
4516
6353
6735
7512
6339
8316
2390
6782
5346
7197
9237
1669
915
6333
4732
7255
6121
4613
4176
1406
7016
7218
5715
5195
641
5004
9092
8027
71
5818
8037
8095
6149
9014
7318
1215
2001
6276
2616
3895
5960
8152
1928
7874
6942
7018
7778
5369
2024
2651
8370
4712
2681
7901
3803
9041
7985
2757
7101
7110
2
505
3756
8219
7642
7781
1915
6077
7067
7105
5582
8973
3434
9935
7425
1922
5431
896
5839
3812
8542
338
254
4790
665
8099
6933
1332
8224
1804
3835
7888
5212
3347
3350
1702
1353
3129
2613
7028
4005
4641
4443
8287
5269
6260
6170
531
2012
1445
9962
223
8829
5043
8426
2511
1956
9095
5802
3179
3520
8509
4859
4190
8723
8717
8926
8134
4247
3981
3382
1586
5274
311
4019
5742
2789
6421
1653
2334
2158
5112
2139
7869
9971
1694
1554
9102
5130
6902
4011
5722
6977
175
4196
8912
1418
2627
4357
9496
4277
2842
9920
448
1950
5934
1232
5260
811
5048
4079
3040
2419
2558
7478
159
4807
2095
5675
4828
2327
2829
2585
8791
1685
5304
3062
3346
8122
9429
2056
918
8356
8344
8055
8553
745
9789
9218
4914
8838
8194
7936
4149
8677
60
6647
3476
8315
4523
8683
1112
4111
2984
5883
819
1815
62
3437
8405
3191
2697
8577
4119
5020
4540
7592
2745
2331
8935
5840
3261
3883
4497
6623
5352
2155
7805
6248
5937
3352
6156
2350
711
7902
6008
3643
7095
9124
6962
9966
8871
1457
3188
7976
2166
1505
4902
9802
3694
7687
9677
8701
2321
9992
8346
9846
6475
7890
9375
7921
752
4777
5709
5291
6455
9028
933
372
8954
8883
1143
6838
8088
8361
3977
4794
1129
5256
3017
7721
3994
7476
8261
8291
2138
8975
6650
5731
7684
669
5618
5598
3782
8970
8643
3953
3652
1870
9199
6969
573
4049
3396
108
9695
4270
1602
3954
8265
6371
6294
1756
4249
4367
4672
2530
3145
7410
1873
583
6226
7551
2157
4761
3578
3025
6965
6853
9991
3094
8203
7664
1019
1121
2045
1590
3631
1563
7840
7074
4192
7852
2704
3658
9844
9052
329
7204
6497
7285
4844
3448
1783
6579
9246
5030
3232
7967
3512
6422
7271
9205
344
3721
8373
7299
1064
2285
9512
4765
6411
7741
116
4991
7305
4318
2911
6943
7797
7029
8437
3190
5375
9150
7489
9110
2196
1721
4173
3095
2400
1
2710
3517
3541
4139
6884
3184
1217
9669
2378
7631
5700
1469
259
3933
1795
9997
6828
5989
63
835
9270
541
2426
9760
9241
6503
9876
2983
2835
1049
4730
2595
3004
1930
4872
2298
5776
7665
3100
2620
8335
8951
9063
9495
9548
4133
3602
9652
115
2243
4524
3460
8905
2864
2389
4065
1933
4122
5985
6133
722
7395
2101
7585
5192
8313
3069
8554
7473
202
3784
7468
6321
678
2979
6929
6953
6235
8645
7640
7537
3403
8989
6118
6236
1736
7821
7661
2614
4099
4431
4510
3648
70
1716
7146
4046
7816
129
9411
14
1404
8913
6680
5905
1383
4951
686
7308
6159
6335
4338
3989
6330
2837
288
1125
941
6989
5241
8138
6088
5299
422
2383
7068
7253
691
1934
3329
6745
3769
773
4643
9682
4633
3228
9809
2239
3252
5852
7038
626
6072
9638
8102
7077
9253
6320
3793
1388
6385
1715
629
9967
8592
5264
1537
8132
2650
8382
9392
1948
1297
990
1550
224
287
4126
3206
2201
9365
4771
9313
3552
7654
4426
8289
5981
4832
8310
8432
1899
4279
6016
699
1998
4804
8845
7421
1633
6304
8247
2177
659
9527
384
2773
1057
5625
1651
6952
9569
8029
3286
4907
3425
8358
1529
841
6521
6237
2610
4041
5555
3109
4995
8596
2003
7122
7947
7135
5584
5424
8550
4831
910
8458
1065
7316
7987
5620
6189
4016
7199
7923
1480
1084
6362
157
675
6587
8467
1276
2165
7349
7807
6117
8930
3483
4879
4018
8452
6251
4693
5255
145
494
7283
31
882
2522
161
3567
5843
2653
9058
2399
2580
5263
3685
6224
4805
4085
8769
2392
8345
5588
4296
503
6862
8175
1357
8949
2028
3583
7093
80
7201
8633
5427
9775
6190
4174
1412
905
5538
4114
8776
8394
4095
3944
8061
4826
8200
8104
4584
4103
8086
2229
2592
9238
4224
8587
1225
9816
5027
8525
2218
5301
2752
6620
1845
7096
4481
314
5411
8365
2565
8268
9452
5313
4599
4302
3808
360
8640
1577
7800
791
9645
8156
9778
9331
7768
7885
2680
1946
2412
6775
6478
8101
8591
6195
3217
9934
2861
6502
5146
1300
3854
8483
3550
6653
4580
4861
3622
7353
3760
7997
7611
4636
2355
9303
4630
4101
4763
2691
3582
3207
7676
2621
779
705
6699
5386
5694
7552
7839
8401
928
869
144
5762
7228
7215
2735
7381
3424
5562
4055
1447
893
685
4629
862
2862
9319
9701
6418
4235
8651
8801
82
522
7052
4406
4695
5897
4667
2746
4559
9430
9072
9155
8933
1320
6909
6334
2831
125
7272
4655
4948
2679
2885
7681
5660
4150
9643
6928
3488
2649
7320
6697
6134
1247
8294
1787
8133
2377
4460
5933
8972
2994
3353
1733
9787
8766
3655
7181
3102
5945
7240
1985
6284
8670
9256
5143
7189
1213
8492
8026
9271
4817
9688
1029
8129
8697
8793
142
3755
7988
1424
5861
3720
7026
4679
6703
8042
7970
5258
8216
4867
1147
8929
1052
5974
4744
1883
4710
668
3254
7494
5170
9820
4573
1805
4145
514
5422
2270
5778
2659
2215
6869
3472
1231
6547
898
1565
7079
434
8306
486
5075
6067
8057
2489
816
9885
3612
2402
4262
5649
5035
4037
4975
8325
4267
2343
2865
5657
9493
7581
5119
9296
9461
3248
9837
7053
3802
3143
9515
3247
9577
2438
7708
4526
5574
3857
9784
9382
2612
7865
9532
1688
1148
408
6619
6709
5498
7142
1612
8239
2187
5955
6420
1227
2051
6206
1898
9369
6724
6720
1684
3676
3493
7734
5828
1061
2347
1842
3897
5432
3266
1460
2513
8274
591
3289
9914
1664
6238
5436
135
2430
1607
4869
8151
6595
7525
8547
253
7385
3260
6234
4321
8430
6071
9711
9140
5057
2089
7371
651
7151
2793
7509
7275
5540
280
6753
5971
2031
1341
9919
673
28
8259
1896
3508
3244
7998
4070
9756
2259
3853
6815
4594
5785
1106
9942
7
8594
6329
7435
9136
7000
5841
1105
181
7040
7825
8831
3863
3560
1115
3166
8466
8942
1302
2090
3565
9774
5708
2478
9395
7205
8201
4669
5348
8003
268
9659
3749
9036
4946
6480
5885
3500
1375
7600
9127
9103
6906
4514
3713
8613
3698
6054
5502
1995
6568
2928
126
1188
9485
8964
735
2301
6599
5314
4362
1961
4813
2923
7648
8340
8755
3274
6798
6404
239
7314
7046
3268
1918
9464
542
3090
6147
2461
8752
8231
4198
1448
1812
4265
9520
8761
2517
4635
1256
6857
939
4303
2469
9800
769
4109
5282
4448
2053
4029
9213
3433
2846
9397
4910
9208
8171
7804
4750
8427
6955
8045
6273
217
5366
106
6807
8500
3007
9265
1598
3192
6946
6710
3593
4797
6114
4785
1993
8806
7493
6537
158
1285
1381
4331
8565
7806
6719
7748
7877
1696
6493
5490
4999
6046
7006
2713
5028
9436
3220
3905
1470
9483
3135
1387
5786
101
1259
3568
6052
9069
295
2574
9273
3196
4377
1031
5782
8328
9544
3840
3850
8728
9006
9827
9729
7301
6562
4165
4598
8087
1575
7643
5684
2129
912
7726
9171
1673
7719
9878
5475
7763
8189
804
5647
1589
6298
7773
9602
5838
9886
7943
2805
9050
9976
4624
9539
5987
4143
7876
8408
1182
5426
5929
3919
671
5208
6444
693
4380
4142
932
9805
5207
5175
8421
2948
8173
5014
9646
3096
220
3860
548
8469
9201
9264
2143
7582
8787
873
5458
5247
7699
332
23
5907
171
672
3212
1267
9143
3629
1068
7078
426
1001
6529
7953
251
7106
4998
4274
6354
7463
2125
4733
4152
127
7034
5566
3691
8537
6285
2172
2699
1567
8124
7862
8269
532
624
9131
8524
3328
5759
5323
1389
9211
6601
243
9511
7190
9745
3104
7111
834
4280
4530
907
305
7858
3507
6795
7431
4898
6904
3649
6442
328
4770
192
9361
9972
7120
2904
8164
8775
5450
5789
5951
7319
7820
2141
4364
4458
7163
7161
7392
7097
9521
1036
8002
7368
4600
1109
5691
9224
198
830
4620
7702
6116
6923
7160
8637
2950
6280
8006
8425
6670
4333
3878
3332
9927
6879
9850
1717
7662
2971
7136
1380
6632
3891
1277
3454
4186
4661
6472
4299
6921
942
3193
7426
6037
9111
7015
5485
1808
235
5381
9497
3518
3477
5754
4720
1199
9523
1100
7220
2912
398
3616
367
1058
714
6931
5993
9425
2171
5679
5465
4829
3819
1098
5508
5186
4841
8830
4603
590
1814
3731
5505
6538
7562
5854
5581
6512
8097
7833
2013
450
6138
4474
3607
454
9337
5766
5461
6403
8684
6405
2398
6038
347
7087
9730
7374
5706
8066
5254
8784
4210
2893
4990
207
5884
7246
4025
4993
5072
2072
6843
5824
1438
4756
5637
3988
8530
7698
5116
8794
8773
2381
4293
2561
2575
1245
663
9817
5910
2692
5252
3235
4586
6096
5452
4167
3242
2250
7566
8700
4325
5807
799
7563
1771
3149
8001
1425
8758
9611
130
1334
4978
2236
5589
5444
7940
8704
9391
598
3791
9704
4542
245
1493
3272
4980
9141
4874
2988
1526
1000
1977
8352
8143
662
655
3654
985
1532
6001
3672
6507
1809
190
5959
2226
8712
8333
6310
2338
5594
7108
7180
6913
2445
9288
6412
479
2495
5464
7162
1373
6328
290
9474
3292
2333
3739
3262
3398
934
4891
8478
3594
6040
6925
2990
643
9856
1882
9928
4680
8699
6809
13
7428
4214
3546
7604
8869
5523
7141
5597
9516
3308
1403
5407
7384
9556
4631
4158
8073
5714
3579
5471
6846
790
3754
865
1825
9195
1173
113
298
3716
6345
4779
9325
6786
4392
7504
3256
6350
864
105
6383
7624
7338
6897
3163
2410
8815
9215
594
2467
1041
3662
4281
7705
1566
2087
8673
4237
330
3796
3485
112
806
8504
5938
8444
5825
5911
2208
6611
3955
9672
8995
54
9282
5575
507
9836
7244
9277
7030
8707
3108
9563
4134
6612
1089
6131
396
5683
482
6496
7884
8943
4429
2643
3711
9267
4933
9964
195
859
5038
1727
6123
7506
3341
549
4534
6861
7393
8068
6461
49
6469
8130
7072
4447
6837
5462
7064
7200
418
5069
6627
9335
8403
8241
7626
9543
6624
3213
3362
5973
4336
4833
2584
291
6664
489
782
320
1648
1481
7655
8226
374
2723
9101
5591
3413
2573
4686
6936
4208
222
9627
3074
4063
3355
8005
8438
1175
4802
1778
8978
3386
6443
2315
8105
8369
3514
8904
6352
9079
176
8496
4536
6477
8816
8870
9660
2707
6063
637
8246
2068
8341
6726
2151
5494
7660
3901
8585
9426
1509
8276
687
5925
2919
4039
9023
2518
5440
4404
4969
5227
2730
8141
5636
1991
1475
2248
7518
5758
8161
8197
368
3141
5906
7622
7777
1786
9311
7326
323
1990
3526
5095
7837
7712
5423
5222
150
1878
9061
567
1547
6654
7900
6227
404
9680
9363
9691
9891
700
6202
8681
9274
4082
5507
6211
3367
3296
857
1531
7733
9687
4081
9298
4561
5049
748
3309
658
8664
77
7335
6425
7193
4042
6387
7799
2908
5234
7549
7256
4386
2313
9451
8650
6281
7974
513
6332
3118
2918
173
4775
4911
6598
9129
7065
5213
441
6106
648
3603
3236
7294
6308
2974
2759
4480
6739
8605
9304
6889
2128
7925
8368
9275
7036
9843
4787
1305
7636
2762
3050
9013
189
7946
3041
1820
7102
6770
1433
2085
1754
2360
9192
5631
2967
1468
2953
603
3445
7917
559
6471
6950
4773
6488
1769
3418
1887
1807
3511
5085
4653
5545
1280
6398
5319
8574
6766
4921
3899
5991
6546
8022
5698
9084
7772
5601
7278
5610
8737
4890
8028
9783
604
466
7790
8846
4638
2973
5915
8008
9589
2272
5000
8967
2903
8354
3847
2486
2578
6474
299
5071
7367
4289
8017
9617
5205
1120
4846
7949
3449
9120
7879
4800
9250
9398
6181
4127
9049
2738
9229
3361
818
2097
7382
487
8263
7700
6154
5513
2548
9923
1137
6416
776
8764
9439
8336
7312
3031
3482
5622
9750
6994
4124
2956
2618
1949
989
4445
3598
6305
3005
5658
6396
5311
4462
5853
1352
8534
8041
4327
3846
3231
1427
6558
7828
2220
9059
9974
840
8680
4714
4419
8393
9401
6464
4825
9018
2450
9090
6185
6534
966
2852
6083
6506
3015
2337
7517
1741
1823
7186
7742
9482
6555
3746
2325
8607
9384
4008
8546
5372
9338
1123
4687
1999
3965
8342
6366
9455
7164
4129
8560
6629
1828
6560
5488
8350
3906
2164
7613
7678
9148
7771
2458
9446
1859
9889
7945
1224
3821
7803
6445
8786
7579
8984
36
9368
1819
2482
4953
1939
1022
1794
6591
6768
7826
3380
177
1641
7893
2094
6979
1439
9302
4040
4413
429
2853
1153
8254
5433
2925
3521
3407
7672
5975
1322
836
3557
5193
7838
6272
6976
9245
2174
9510
2826
7483
6550
3002
421
947
4045
2629
6975
2375
2161
256
7073
1117
9332
2274
3189
7148
45
1192
8128
5676
4772
3003
6377
6963
7017
6175
1486
1013
2245
8503
5878
7377
9259
5767
9387
9161
1603
1968
3699
4288
580
8206
3679
4983
9847
9308
3150
1337
5479
5535
47
2210
7261
2314
3750
4783
1222
3963
5456
2617
6485
9899
4758
3375
7521
9555
2233
1600
1343
9958
5384
7910
3751
4400
8672
5145
7703
3356
6059
6723
5969
6434
2444
8549
4574
6466
2472
9330
2986
554
8314
7454
3772
838
6247
2471
526
5178
8840
2957
2497
8719
8602
2026
104
1524
9609
3732
5206
850
2996
2529
4896
8563
2932
5272
308
9214
6788
3693
3301
5525
7836
3106
133
5716
9873
1459
7495
3841
610
8622
8616
5165
9797
7677
6164
6299
9433
7045
2622
6840
264
4675
7491
1966
4107
4852
3599
5074
7964
2526
5283
716
2219
1055
9727
1640
201
8273
3887
9796
5573
3923
8849
9373
2927
4415
1405
2069
2384
3798
9216
695
6375
3064
512
4515
5611
2722
9771
7287
5539
8873
263
6022
6984
9933
1621
4692
9929
6014
7927
5040
56
9236
7440
6996
8044
7273
4646
7760
1152
1692
1982
7767
3276
920
7242
3862
4927
4010
5159
6192
4036
2802
6344
300
1710
5619
3596
561
1790
4842
5862
2728
817
1160
6355
164
197
5277
4565
3250
2876
3038
2404
7405
5401
160
7714
1301
956
436
2772
7379
1583
9605
2425
7991
614
4551
3630
9633
1912
8685
8569
8019
7602
6045
861
9099
6065
9316
9861
4731
9599
913
5443
7608
5472
1512
1190
879
713
6023
301
5016
1088
8955
4625
258
3829
7012
2935
2632
9157
4378
1045
9624
7014
8783
6368
9936
2501
7973
4525
8375
4504
6372
6559
146
4090
8320
8938
7685
107
7432
581
8895
9703
4703
4567
484
1261
8304
825
481
7361
2346
2168
8418
6878
9905
162
9255
435
6705
4180
9231
5133
885
6934
3775
796
7133
881
3532
4741
8691
2413
3928
6402
363
6542
1671
1986
9257
7627
1522
8063
4611
8462
9113
3316
9268
8855
409
6712
3937
9713
7736
9788
1414
35
4452
5293
9792
7033
3060
1093
3435
3707
2822
2332
6026
8614
6073
3925
661
6613
805
7761
6794
1183
3682
1206
7456
1818
2510
2050
8292
9341
2543
7408
2017
2638
7060
1847
4977
7373
1335
4827
6997
1585
9970
3471
6408
6621
2382
588
9996
277
8985
9857
2310
9407
7851
5073
689
7198
6314
6662
4478
4120
3178
4175
4363
7103
3222
4444
7241
4436
712
4682
7823
9990
9266
666
6244
2731
6089
2255
1709
6161
269
9145
5396
170
8106
4579
8253
6169
1009
8713
946
1101
7390
2264
4905
1376
6056
7056
1766
32
7539
5835
8805
863
3151
7814
199
1811
3497
7251
399
4295
1342
3617
7340
5864
9937
6784
4964
5354
6094
2586
2449
5034
5108
8760
7859
5331
8510
9681
4383
1779
1070
7293
4548
1947
2437
5204
3117
9888
5796
7037
2123
2527
8454
5414
9448
7323
5609
3650
6880
4962
8632
5106
1988
2744
1863
5744
2690
2365
5161
654
2891
1291
1680
5996
5831
5704
3804
4892
4604
7350
5459
6002
3388
3270
3024
1772
3068
1523
2367
5506
5086
4944
9911
1307
123
6155
3463
4373
2519
2291
3359
373
7378
4456
1240
9586
1365
3833
1793
9715
2684
903
7824
5041
9056
2303
8879
9573
9490
7445
625
1559
788
738
575
780
6505
8209
656
6769
9897
2800
6678
5182
5250
7298
2071
9620
8556
1744
7448
1056
8820
5262
8597
871
7646
8486
3265
194
303
9062
762
5745
8327
5893
9323
7515
9574
2169
244
728
3368
1347
3939
9501
1801
4328
4132
4278
8508
1400
2942
2468
1634
2868
2082
6470
1179
3432
6125
4591
8653
4155
5624
2124
7701
1114
163
4917
4970
565
550
4873
9726
6656
4627
2606
370
4393
3053
17
999
4961
5061
7673
4160
9575
3681
8298
2374
3259
1026
7834
5470
8154
4810
4168
9173
491
3491
8020
1926
3888
1544
4372
6395
10000
9909
7932
6498
1503
8054
7794
6565
681
8257
4658
8067
6325
8252
2982
5791
3890
3327
2015
7176
8982
5576
346
6790
5466
1745
9107
3785
7490
9
6988
729
6588
4632
7690
6021
365
4371
6172
6596
6082
1157
1487
3321
3842
9353
3831
3360
1260
3561
1483
2760
5279
4451
1740
9114
6142
7352
3409
6652
5867
8147
5127
3354
7793
7889
5783
6086
9813
1773
8711
1234
7441
9674
2113
2662
4148
8215
9146
8833
8190
3019
8940
2144
8676
2952
1742
5887
321
2348
4066
8367
8661
7880
6399
9637
9414
5214
3168
7534
1548
9686
5496
8488
9487
5613
8228
2299
4590
8808
6700
1268
7649
1978
4487
7358
6044
5653
2340
3881
5418
8251
951
3639
7704
1551
6369
8619
2008
9276
6841
8085
3233
4614
5781
7212
3635
3097
8331
7300
8511
3172
8819
6173
4843
9999
5261
2401
3026
9794
3076
1594
6722
2267
5850
7467
545
9834
7769
274
4212
7623
9097
9588
2523
8069
8544
5013
4820
1916
3322
5623
7750
8571
7284
1940
7404
3294
6707
1017
2525
4839
7675
3619
7758
7928
8168
8981
2954
7442
6085
7792
4195
8196
6199
1264
2566
7118
6148
8436
2702
810
9662
2202
8172
4294
7530
8636
1126
5098
2070
9981
6193
7002
3336
2240
4746
6799
7606
7059
1508
7872
9286
1562
7735
7234
1116
7555
718
3487
3018
9077
7170
200
5164
2247
3237
48
4608
6659
1004
8562
2134
9610
9417
7619
5935
7904
3348
8024
6742
9350
7751
8000
1975
5833
1936
7541
7843
4566
1422
5779
1734
4780
149
2295
4745
5681
2939
6197
5001
7321
7262
2549
3817
5882
9240
3387
1315
683
6674
8495
5357
3365
3921
4360
2769
6532
2608
2855
8892
1518
4013
5483
6634
7745
8612
4440
9965
271
8148
746
5605
9957
3839
4803
8885
8506
7548
7723
4332
1840
5788
3952
4414
6564
1720
6802
2602
9450
1252
3504
2316
1298
5753
4748
230
2915
4121
9317
3181
1132
5338
8655
9772
9009
9115
1759
1242
362
8475
5916
4855
3202
1581
8514
5008
7001
59
289
5320
7899
8727
8301
1597
2188
9606
4226
3788
847
9064
9752
5953
2554
627
7963
6533
4753
7309
1879
8561
76
9207
6855
6258
7247
1243
5997
1643
2727
6516
6991
8036
7656
5012
3673
5089
8799
1797
867
848
8600
1604
3886
5587
757
6986
5924
4232
5634
1390
3039
379
6577
6573
7492
7810
4123
8911
6830
5172
445
3576
4335
4483
8212
9139
4258
8698
7554
2058
1822
622
7659
1937
8694
9005
1880
2283
7809
3084
1139
5285
1854
9284
7219
6186
5846
246
7822
2750
1440
6827
6364
6440
6201
4601
7022
3000
416
8112
40
6566
4552
7912
5031
8309
7628
9592
6494
7117
8267
4084
2227
9191
1324
9534
9835
618
3427
6374
3959
558
7653
4356
2740
4782
3712
6286
5376
3613
3515
9625
5297
215
4792
9034
9007
961
3724
5493
2505
6589
4518
8502
6580
2877
8460
2206
8280
4547
3669
3837
9220
8296
4048
3408
7961
9642
8137
6881
6920
2670
5187
4976
6836
3968
3902
9333
5822
4725
5122
6423
8903
9462
7732
2153
4520
1572
42
6831
3715
2794
3900
1356
6630
8451
4261
8047
7657
1608
9535
6129
1839
2968
5543
6356
2312
1090
8083
9764
2487
2700
5740
4906
823
2603
5988
5339
1094
2798
1195
5211
4722
7647
3884
2783
1711
9262
2833
8245
9309
5877
2194
4651
7042
3690
768
1663
1757
1895
2711
6603
7686
9119
3774
4963
7795
6182
3762
1658
9471
6316
519
9212
3133
6749
9953
3586
1539
21
4009
1569
7113
2724
8526
2221
3826
786
7999
4154
2689
9833
7334
5734
8803
4491
3020
5023
605
3112
4830
3868
5412
7098
704
4146
3987
7914
7080
1516
2857
417
5060
8732
9841
5765
9044
2127
9679
1703
2268
3912
5271
6730
9865
5648
7861
2754
9345
8768
1349
3893
203
9804
8918
9755
3498
8812
7645
3688
4273
5350
977
3949
5842
931
8667
3761
6275
4616
3540
919
2173
9815
6781
3876
4645
3683
6744
3674
1372
5966
2451
8666
3984
3230
7420
5549
8311
785
6515
5363
1169
6525
7235
8527
2819
1576
6454
4244
9057
6359
4423
883
660
443
7868
1596
9829
5292
725
9963
3374
4850
870
8493
7844
878
3492
6937
2751
7867
5009
8490
2396
9983
343
7222
886
7348
7762
8402
8826
3022
3046
3536
7639
3957
647
3384
7939
6386
6070
5003
6468
856
2061
5639
8774
4304
1753
1229
997
8388
478
1340
5942
4622
2455
3383
8925
3725
5451
1507
3393
6804
3313
8195
764
9500
5500
4153
8807
8322
4926
9174
8518
7414
4379
6266
5468
3894
5474
8060
6373
1193
3588
1687
1326
34
7941
2998
4945
3794
6733
7756
9822
4271
5163
3990
8827
5518
8759
9768
8266
6602
213
4156
7044
2186
894
3045
8934
6864
1973
2258
8848
8243
2105
5100
5267
6885
2191
9926
185
1595
2492
969
7896
1111
3139
2288
6636
335
2778
5045
783
2452
477
9476
6060
8446
2867
4466
8131
1525
8091
9118
3703
461
2464
2176
7519
765
4562
9068
3131
1097
1958
500
9845
5391
2349
2639
7003
8181
808
4
2588
2926
6126
9640
6677
1290
7542
9657
8115
7182
5607
6756
6729
140
1836
9043
1351
4441
7185
852
72
8919
927
9552
9019
7423
8825
9896
4376
2674
5253
8126
7580
4664
6849
597
5349
4494
6312
5194
3048
807
392
3611
6865
5136
8186
4418
9352
7138
3930
2995
980
69
4688
7577
5983
7764
451
5515
2110
2943
7083
6218
4446
1739
8116
3781
5705
9251
147
3929
8242
5536
9085
2479
587
2550
3978
2163
212
247
4719
1025
4054
8844
7501
1869
5612
9900
5834
2111
3646
703
8644
1644
5210
2030
2630
7878
8364
5284
3160
6819
3780
221
6225
9170
9355
249
5328
9721
2189
6115
2033
252
3534
9948
9723
3969
2687
5275
1799
1718
7569
3680
8232
3519
5713
1473
1197
8858
4209
6069
5747
6893
7982
1402
6053
3865
4702
9636
8424
6256
4493
5053
1263
1385
7057
3450
1034
5970
3205
4257
3036
743
533
5437
751
8453
4266
6638
6486
4028
749
6076
9002
5309
7482
2490
9263
39
2393
962
6727
5039
2970
4564
4932
6292
3065
925
6823
3851
1386
9859
2292
7615
9197
7231
9808
1534
7508
7968
7317
2442
9156
8334
52
6860
9360
5382
7962
4649
7424
3861
9504
1455
4361
7194
5064
7403
7208
5018
1145
2485
6982
1316
501
9922
9012
3278
7276
5670
8744
1496
1283
5005
4402
4884
8202
3078
5225
9488
4169
7281
7905
119
1830
5590
5246
963
9568
6313
4666
9728
6998
4965
5666
5727
3010
649
4337
9582
2665
1672
5519
5615
1907
2265
7981
8075
9665
7753
1138
3442
539
5405
9154
9342
8897
9839
3187
3075
493
3961
6453
5121
6746
7132
4074
296
5756
1862
317
2278
7419
4177
742
4482
8191
273
6216
452
9700
1817
4671
1265
8598
4053
9840
6536
1670
7402
3971
7484
8977
5559
9998
8595
4269
9354
4654
5497
1929
8702
727
2725
5467
18
2483
2307
2395
5273
4673
1560
98
2905
5914
766
3411
6151
1622
1660
9478
2016
7115
9126
2241
5393
3898
630
5420
3221
8850
4477
3415
5889
4546
4113
3009
29
3028
9880
4647
5307
9347
499
3797
7394
4989
4956
3670
1159
167
9190
6177
2034
3385
9709
5042
3001
3295
4255
4937
7531
3414
9386
5281
7178
5771
5735
27
8288
193
6378
8463
5176
1336
5296
6695
3330
6971
914
1077
3395
1980
6642
2322
7270
1329
4908
5148
5062
5007
9042
4050
3085
3544
8499
884
7553
8790
2634
3146
667
4602
6232
5723
8420
4762
6557
8461
407
2380
8413
2122
6816
1994
8617
2078
2150
4388
8762
4409
5898
3137
8429
315
5118
3358
4424
386
1666
411
2222
7021
2361
3545
1296
4131
7259
7725
8501
846
9864
8703
1927
3468
1368
1462
5904
566
1203
8817
8722
7697
2195
2940
9777
5303
1002
6771
2598
3088
750
692
9293
5056
2559
6508
2569
7599
9400
8663
5901
8039
2405
2104
7150
3636
3556
7529
9502
9166
8229
6689
178
9860
2637
6870
9318
5026
8969
9969
3659
8517
7922
2892
325
8746
3338
6829
8198
2657
9086
3771
7070
9479
5509
7738
2447
3440
9576
4083
9334
9440
1441
6867
25
5521
2212
7451
5347
2052
8543
5336
8901
3138
4683
8570
3962
9753
8089
138
8290
855
3717
2604
4572
3947
803
2541
4353
6448
2112
793
6360
774
206
4140
6271
8211
7365
4541
1339
2205
853
8103
922
9545
4219
5665
6665
2803
5551
2496
5674
465
5522
8218
2765
4984
6397
6051
2420
5903
7331
5215
5606
8484
4755
3745
4766
4870
3621
1881
2029
6817
1997
3668
6908
4345
4191
5365
3759
1681
7514
3142
1110
6732
9522
6930
3548
1006
90
1723
8082
2552
6410
7831
5511
1625
8657
385
1889
9635
9442
9979
2004
4370
4368
3733
88
405
4501
9489
353
813
6263
2737
8692
3312
8318
2352
5169
8092
7422
4789
5845
9514
8176
4723
3034
137
9281
8376
7055
3444
5592
4056
9901
85
3626
9178
3197
2572
2302
6834
3575
8479
2850
1086
5717
3531
1938
2873
3209
3605
2863
6639
9995
4442
9410
1752
5956
1020
9628
1131
9499
6640
4903
1737
4652
3469
2460
710
2521
83
3431
798
3134
9986
4375
2281
4485
3087
8076
8471
8608
1485
1073
2183
7488
5149
4972
9612
6679
2465
1303
166
4705
3727
9831
4960
1767
8986
7532
5463
6501
1010
5445
7567
8847
2920
5627
1649
1161
1150
4764
5659
1471
2282
1047
8910
3132
4659
5081
5764
3371
9838
2434
3152
8610
2214
4738
2002
1071
9011
1164
4403
760
950
4880
3879
8100
1514
9480
9228
8416
7817
6643
5229
9904
6875
657
543
2038
7594
369
8564
535
2683
8580
4020
262
1851
2624
8675
7500
9151
7313
562
3458
1699
2246
3991
6253
3054
7019
6584
7130
8690
564
4144
5680
2698
7595
4486
7749
7342
2021
8586
5417
9340
6648
8174
9786
394
6
5668
508
131
9008
6747
5720
7249
7400
5923
1713
5183
2985
8941
6633
2320
4170
8204
1765
8770
6797
8573
5312
8031
7481
995
6459
8899
4887
442
4648
6918
2207
1813
2806
6101
801
7446
5435
6754
7550
2849
570
8957
6382
7663
1124
5245
4164
9147
9279
6649
8399
1304
8999
4306
9349
3310
3632
2387
5276
7183
3569
9854
2406
5083
456
9954
5413
4560
8866
890
1419
2261
33
3547
1667
2466
9810
495
9074
2204
3571
1943
6970
1770
2363
2636
1764
6110
2633
1095
747
3159
4217
787
2424
2774
6315
6241
6406
9010
8125
5751
1697
8163
3154
7630
4793
4410
7644
6265
9491
1774
9104
6738
1610
455
1189
361
433
6716
3606
4408
8800
4205
8053
1399
2658
4858
4007
4857
5626
1450
1360
341
7586
4684
945
9441
8609
2818
326
7744
5377
9358
302
8687
1254
2836
8512
7993
6571
1748
6847
401
1478
4171
5876
4709
1677
5287
5596
7121
9456
4182
8107
5327
342
9037
9538
8098
4513
7460
5961
3778
9297
8477
3996
6694
5813
2213
6415
1333
1200
7499
16
3401
9252
7570
9780
8213
849
6688
6168
2966
5332
8
7458
8898
412
2900
6785
3399
1344
9973
2747
8521
8959
2009
9799
4751
348
900
6487
469
7144
9714
5400
216
6028
8062
6725
8260
8779
1942
5063
4354
3029
8996
6473
4178
8944
9879
6215
1762
9791
1578
6113
9328
6254
2781
5409
267
5388
3153
2459
281
3357
8874
820
2890
5875
5238
996
7369
9106
2373
2080
3125
646
2170
2211
6919
2969
6616
86
1431
336
6449
6217
7934
5685
7691
5617
8078
3103
2262
7069
1382
9803
5129
5499
5524
6615
2354
1074
2579
389
555
7455
1629
5141
3175
1282
4316
5979
7328
4588
1085
8178
9598
3299
8513
397
3047
9718
8540
9048
2601
6107
8649
3208
5221
2073
2224
7505
5446
1652
800
2537
9080
7875
225
5399
1921
8409
5492
9947
4992
902
6212
7637
498
8965
3516
5361
1695
284
4138
9722
1894
3284
4187
4475
2741
4595
4971
488
9351
152
2733
3938
7929
7024
530
8338
1011
7788
7418
4256
1676
8976
2997
8419
2079
1593
7589
5547
6357
7260
9053
3695
6035
5603
929
6658
4618
1396
9388
4776
7475
5070
210
3051
7216
9163
2758
1976
187
642
7409
3667
1262
6945
1141
7873
6029
6075
9724
3056
6342
6528
5772
1557
6120
7990
3818
7474
7863
4742
5504
3806
6429
5188
8948
6025
1212
9956
6435
6167
4500
2117
6552
4894
4918
4690
432
2914
5579
2276
2858
2959
7853
5964
7254
924
6901
5645
8894
8015
2498
6523
1236
1027
9653
3063
2583
3718
9073
4427
9315
1474
6438
2821
5059
8708
3249
9412
3958
5769
6346
4250
1785
5999
1113
3666
5315
3288
4272
4030
2721
6896
5726
754
3872
9467
5870
892
3656
2812
876
5917
6109
414
6228
8049
6567
5568
7603
7688
3563
6393
4711
3429
7169
2709
1984
2433
93
5438
7380
3223
7047
7472
7430
3011
3604
2441
5817
5050
4433
8796
7209
5117
1134
4704
645
9734
2084
2640
2717
2025
521
2825
4774
9168
9551
4243
7406
8824
3573
6100
1749
534
8223
944
9982
9233
8491
3620
5580
5529
4260
8980
3290
5977
6851
6755
6178
283
6249
2059
1874
9560
8464
2515
1656
5397
9307
6947
7196
5103
1378
7986
331
8740
3180
387
2474
4172
2570
3665
6250
4913
1520
3177
2126
9067
9603
7832
7590
1582
8406
4563
1102
464
574
3705
279
2591
987
7399
7596
9776
340
5922
5531
2544
9883
6451
3734
261
6751
7710
1393
5022
5899
8093
3057
9169
5398
8428
183
9530
1202
5484
6873
1527
6551
2870
4430
2453
2820
5672
8856
3176
5288
2142
6098
4439
5932
6876
9443
737
1348
6520
2600
2217
8312
758
1513
5847
1118
6198
6821
4031
7125
9842
6967
4315
6959
772
6158
2847
4207
9291
3263
2182
4449
4721
917
2502
5671
9367
9419
7081
3420
9188
6439
9320
6894
8863
6243
3238
3637
1561
511
6081
8084
3976
9438
5266
4252
6669
1647
3740
285
8777
5746
4713
8709
9749
2372
3229
8397
9437
8721
5891
4259
7013
8262
2999
726
3340
7466
8853
809
1971
7417
1293
9895
1935
8414
7547
5939
4347
2712
3744
9748
3008
7556
6671
3747
3114
3257
3098
5305
4994
771
2500
6692
4811
8731
1411
9581
58
706
9458
6219
9978
476
753
7124
9874
9708
5390
8012
2605
3456
4116
4545
4166
1170
3555
8207
4358
1207
9871
1655
6242
4225
1580
9738
6222
1535
6905
8472
4571
957
3162
8659
5047
1331
5801
8529
2086
6778
2538
4457
6787
8363
6209
4662
1488
1178
5721
4463
100
1515
7913
1911
2106
9531
1142
153
3697
1119
3165
6683
4017
9917
1855
8199
4412
9881
2491
3975
9795
7461
7225
2547
4342
6033
3729
2669
635
2951
906
6183
5873
8136
4450
1458
6871
3389
6675
2140
5998
9975
9390
6814
7881
4309
6367
2910
9699
1706
9421
617
7168
826
3377
4957
7682
3461
9893
2938
4626
4726
9327
9459
7507
518
9949
2980
9741
563
9336
3585
9673
8966
2972
8157
572
2675
5980
1705
