468
465
695
219
842
301
143
671
879
490
652
287
399
374
215
520
542
90
805
417
708
556
660
929
318
265
534
694
97
847
791
495
778
28
433
975
161
103
135
822
596
145
798
430
432
183
7
162
231
160
79
283
309
763
906
746
273
583
819
246
562
386
21
425
112
749
658
236
30
647
966
190
307
371
9
939
765
572
257
989
299
642
308
777
344
29
737
880
359
981
57
707
586
264
951
825
174
281
396
214
922
690
221
200
393
401
962
896
244
706
855
435
909
181
764
212
23
509
823
352
713
50
649
414
209
772
894
325
404
606
531
540
472
392
979
667
839
571
732
511
972
129
849
464
402
944
263
70
545
92
613
510
762
982
867
118
641
515
498
395
26
124
169
462
518
584
643
840
224
669
547
107
268
86
741
913
442
384
149
455
682
796
377
63
320
598
956
131
452
370
304
125
11
866
361
65
448
51
650
369
499
646
324
674
738
516
479
177
110
409
178
808
670
84
768
388
505
663
908
730
494
620
218
77
998
334
743
291
927
565
984
932
172
928
500
137
684
459
415
470
419
619
235
31
91
597
851
991
830
853
876
487
786
378
274
493
611
702
78
986
33
604
888
35
576
275
688
156
338
760
890
173
504
634
207
330
22
15
689
549
799
100
454
302
996
594
106
502
242
546
134
974
232
779
941
843
418
789
379
367
900
710
147
945
550
916
305
530
347
792
2
937
197
862
329
151
724
693
350
615
506
514
108
368
904
383
714
831
677
802
513
434
8
967
681
968
428
261
260
185
662
474
486
593
871
457
993
24
5
952
829
884
745
526
333
109
195
845
817
603
366
942
858
881
809
946
882
69
38
95
138
756
529
202
87
773
990
761
676
632
206
382
910
755
469
408
664
381
111
326
88
775
355
532
473
599
148
947
705
153
16
915
296
701
683
964
279
294
256
539
517
834
141
748
538
345
94
59
139
98
719
313
182
130
912
53
421
627
117
74
441
184
715
375
437
574
179
387
918
60
736
508
213
523
52
317
445
164
187
566
58
394
217
522
429
793
461
312
930
478
685
725
865
390
80
157
783
280
357
205
225
548
144
560
211
914
696
121
407
194
899
936
934
122
82
343
877
391
34
258
723
203
133
373
938
176
733
290
665
818
616
271
873
443
278
731
891
935
44
188
948
850
994
237
424
885
735
648
958
422
492
955
311
14
754
223
127
250
497
656
507
491
327
965
10
635
636
864
753
458
782
590
398
697
298
703
625
897
602
875
128
410
607
286
747
450
622
233
321
488
123
519
496
844
159
679
288
358
337
589
595
49
62
335
114
163
854
449
570
165
901
559
292
717
816
767
541
512
608
89
362
623
3
341
340
411
376
1000
838
617
757
196
700
521
672
638
67
155
113
146
554
102
480
322
551
686
614
704
621
657
251
300
403
4
555
917
285
739
297
846
204
104
248
477
85
142
346
577
99
923
553
787
226
582
977
722
813
17
227
821
806
692
940
46
804
587
372
810
711
856
716
481
238
456
364
42
893
687
859
47
903
925
698
569
824
349
785
48
883
800
769
18
234
293
653
72
485
629
784
563
365
924
988
742
412
976
797
45
266
987
774
898
389
191
801
803
578
892
655
680
40
668
166
781
501
314
997
631
814
815
310
348
175
579
272
820
666
385
32
794
64
600
451
247
76
199
869
729
267
243
406
659
639
770
332
306
284
609
356
431
201
75
860
970
536
812
252
699
186
678
447
983
101
644
995
628
720
400
420
612
718
841
544
868
56
66
776
353
673
605
315
878
750
971
170
568
126
43
55
360
328
874
833
180
380
93
886
790
573
919
336
836
581
957
39
222
633
645
12
438
535
331
911
467
591
397
240
351
476
654
795
339
585
920
963
921
980
253
943
953
905
961
771
323
870
626
216
6
588
276
228
721
41
691
744
405
592
950
13
751
709
249
363
675
992
712
54
527
926
471
758
416
96
61
863
861
489
960
220
533
832
557
857
728
734
618
140
446
933
259
985
154
525
740
189
640
543
887
426
552
295
193
453
727
439
827
316
210
788
528
245
973
208
661
192
68
262
580
436
1
837
828
37
289
319
537
230
624
954
567
482
229
270
241
969
269
466
152
610
460
524
413
651
198
907
872
27
239
354
20
852
167
25
902
282
19
440
81
807
575
564
483
71
463
277
136
766
119
895
752
132
999
503
115
83
168
848
475
427
254
978
342
637
158
959
561
303
835
116
826
726
105
120
630
444
484
558
931
73
150
811
889
759
780
423
171
255
949
601
36
